Episode time step,Episode number,Episode reward,Mean Q value,Std Q value,Cv Q value,Mean loss,N steps
1000,1,-1000.0,-1.4193796346858143,1.2513970997583672,-0.8816507361227353,0.6176862773001194,1
2000,2,-1000.0,-5.05461162686348,1.8979863865998576,-0.3754959879632945,1.344824907541275,1
3000,3,-1000.0,-10.102293179035186,1.8702386897941052,-0.18513011418786812,1.4001642336249351,1
4000,4,-1000.0,-16.276258558273316,2.1960971802926594,-0.13492641275204925,1.0927078488022088,1
5000,5,-1000.0,-22.51993977546692,1.9532210929207892,-0.0867329625387638,1.0800063462704421,1
6000,6,-1000.0,-28.10476474380493,1.880558419974223,-0.06691244125744729,1.198777055889368,1
6900,7,-899.0,-32.025275207095675,3.2123093585418183,-0.1003054411794745,1.264998957829343,1
7900,8,-1000.0,-36.55992601776123,1.6997020092759725,-0.046490849255281255,1.8928604693710804,1
8528,9,-627.0,-37.610153356175516,4.979064093456564,-0.13238616833874228,1.8387904684444902,1
9038,10,-509.0,-40.004739267685835,3.904486156601011,-0.09760059003196385,2.1723545721932953,1
9757,11,-718.0,-38.470642538163524,6.364295229271938,-0.1654325170929612,2.721444742114222,1
10161,12,-403.0,-42.7372532976736,4.595731702697847,-0.10753455938517266,2.999751676427256,1
10619,13,-457.0,-45.87263264718535,6.1898051816829565,-0.13493459660991902,2.6368803369556453,1
10948,14,-328.0,-45.81319275598033,4.43757553209761,-0.0968623941084818,3.993293482663059,1
11331,15,-382.0,-47.453929846342795,4.891483742611799,-0.10307858081407727,2.785430884003328,1
11805,16,-473.0,-44.84519857092749,6.889475474285168,-0.15362793997642188,3.394179444838677,1
12160,17,-354.0,-48.71733583262269,4.3686126557492875,-0.08967265104065737,4.069492542995533,1
12706,18,-545.0,-47.46804121387747,5.300185153536017,-0.11165797066819952,4.263812733930109,1
13258,19,-551.0,-52.14741325378418,4.882186823304934,-0.09362279964961923,4.33495681916458,1
13721,20,-462.0,-50.493173743427185,4.923488040461746,-0.09750799316912909,6.804107488360312,1
14001,21,-279.0,-51.26740293502807,5.293745124797297,-0.10325752469861088,5.541898398314204,1
14282,22,-280.0,-54.29208120162801,5.4906585478273096,-0.10113184881302112,6.224290971017817,1
14550,23,-267.0,-54.11618098927968,5.069327852437762,-0.09367490018266417,5.839009112164156,1
14902,24,-351.0,-55.374245990406386,5.067751793459819,-0.0915182085610305,8.215299575166268,1
15371,25,-468.0,-56.19562181582583,4.744935719040966,-0.08443603906709857,7.811181596982708,1
15933,26,-561.0,-54.52667793599736,4.895848601915108,-0.08978813284135492,7.0622495161468875,1
16290,27,-356.0,-57.81566401890346,4.690427338328359,-0.08112727610971955,9.978396471975898,1
16557,28,-266.0,-58.554959886529474,4.383126489050224,-0.07485491404219302,8.356217034300615,1
17014,29,-456.0,-57.76643850714686,2.886428643531039,-0.049967225228433124,7.889167264332134,1
17554,30,-539.0,-59.68158717685276,2.818068645090551,-0.047218393115783734,10.413230143211505,1
18053,31,-498.0,-60.18219418420581,2.837482867600555,-0.04714821229208726,10.670140934850506,1
19053,32,-1000.0,-61.32885341644287,2.7712041721628156,-0.04518597719976008,9.334956074088812,1
19477,33,-423.0,-62.45013698541893,4.286857186283446,-0.06864448011193884,9.558689228346887,1
19815,34,-337.0,-63.102112866012305,3.6658629055424368,-0.058094138833771486,10.441427355510948,1
20147,35,-331.0,-64.8858808724277,4.114714149245229,-0.06341463033129162,8.873229430023446,1
20670,36,-522.0,-63.90619862193587,2.9531613698640666,-0.0462108752131345,11.030176981286383,1
20943,37,-272.0,-64.32297107850239,3.8943006249165193,-0.0605429220637796,11.577353832049248,1
21337,38,-393.0,-66.49353562756843,3.837602897131439,-0.057713924532843706,10.19931916771504,1
21767,39,-429.0,-67.61748456733172,3.74436826100361,-0.055375740238829296,11.883526394394941,1
22062,40,-294.0,-68.53729537705243,3.7622376154277086,-0.0548932897735468,11.088135328333257,1
22230,41,-167.0,-68.30838605335781,3.039183654833613,-0.044492101635363074,13.752076233249335,1
22521,42,-290.0,-66.90441805390557,3.784684633402018,-0.056568530800950374,7.040200103906422,1
22780,43,-258.0,-67.536080791223,3.1103417111326275,-0.04605451892815267,16.746955669869788,1
23279,44,-498.0,-70.56966897050938,3.7916799321282832,-0.05372959782074084,11.41230033442587,1
23473,45,-193.0,-68.50377948013778,3.665144421177884,-0.05350280596183118,10.229957670895095,1
23650,46,-176.0,-69.18637199186335,3.5977275123648753,-0.05200052277329971,12.875163494193622,1
23829,47,-178.0,-71.21820784414281,3.537007185969697,-0.04966436664216889,11.962970679199229,1
24046,48,-216.0,-70.15790791665354,3.5178807238639256,-0.05014232647933446,13.5304997258472,1
24356,49,-309.0,-71.95838360940256,3.6057167100201037,-0.05010836165515198,12.380559216007109,1
24532,50,-175.0,-70.51708362319253,3.069948788477676,-0.04353482348875803,11.538343906402588,1
24794,51,-261.0,-70.57384326439778,3.4267090316714763,-0.048554944341541055,9.817299609534613,1
25028,52,-233.0,-71.92239229903262,3.844465241773861,-0.0534529667170925,20.34662781783149,1
25202,53,-173.0,-71.31235326569656,3.6512101810400965,-0.05120024811741055,16.384372354923993,1
25427,54,-224.0,-70.09649288601345,3.093819323421836,-0.04413657796621597,13.452633051342435,1
25704,55,-276.0,-73.1827145655663,3.4862119376930347,-0.04763709515816944,15.225275721253041,1
26001,56,-296.0,-71.81605184278905,3.636365264656563,-0.0506344357751224,13.825740100257725,1
26200,57,-198.0,-73.8703387849894,3.391424846848229,-0.04591050890831129,13.749327439309365,1
26352,58,-151.0,-70.32358616276791,2.9941775485794766,-0.04257714533569553,12.545169353681175,1
26601,59,-248.0,-70.46619035345483,3.3095984678978807,-0.04696718314552132,15.836006695247558,1
26764,60,-162.0,-72.61638051600544,3.1880394204008735,-0.0439024831277317,16.81256254922393,1
26936,61,-171.0,-74.45870443832042,3.20253619187997,-0.04301090404457499,17.015035910921736,1
27074,62,-137.0,-72.14154749331267,2.9223620268470185,-0.04050872386841873,19.875806516063385,1
27417,63,-342.0,-74.86386698953612,4.044517466728478,-0.054024960630123325,16.784207351961914,1
27553,64,-135.0,-72.58875790764304,2.711834589239118,-0.03735887852895169,14.245291258044103,1
27736,65,-182.0,-74.49458671528133,3.1959054818578396,-0.04290117742477861,16.257664038346764,1
27873,66,-136.0,-71.87571783135407,3.02982997645493,-0.04215373519557726,16.807298298952354,1
28046,67,-172.0,-71.8208772515975,3.4559578546098226,-0.048119126176963435,19.20888562078421,1
28209,68,-162.0,-72.85389746917538,3.337505464629635,-0.0458109391613776,20.23733714213766,1
28340,69,-130.0,-71.58260403698637,3.135289044376147,-0.04379959469979828,21.419873891895964,1
28513,70,-172.0,-71.864510508631,2.81221159278121,-0.03913213313327251,18.21914523409281,1
28645,71,-131.0,-74.11620897235292,3.1954687345970427,-0.043114303590312174,17.386076132230688,1
28777,72,-131.0,-73.81658184167111,2.9830385054361415,-0.04041149604887488,19.974023340552144,1
28933,73,-155.0,-73.18087582710461,3.062860141073247,-0.04185328620976725,25.911653527273582,1
29191,74,-257.0,-72.87320922141852,2.8378657829064857,-0.03894251142808727,23.26047987629508,1
29400,75,-208.0,-74.72075313586367,3.5615526460419096,-0.04766483870372652,26.735970936394764,1
29663,76,-262.0,-73.59930765130221,3.304966432790897,-0.044904857644165914,26.101056304721325,1
29814,77,-150.0,-74.21874424005976,3.3524792354918356,-0.04517025004691909,20.15551636580205,1
30023,78,-208.0,-74.71993879838423,3.651982597438057,-0.04887561012719979,14.77364634783074,1
30221,79,-197.0,-73.45377453890714,3.0648412904009485,-0.041724762405198894,27.158094210982924,1
30389,80,-167.0,-73.97762616475423,2.7352898149888,-0.03697455510260745,21.480314110006606,1
30599,81,-209.0,-74.97561805361794,3.19832405571026,-0.04265818860503445,30.711639284519922,1
30781,82,-181.0,-73.46772070245429,2.690495990104744,-0.03662147082255764,34.4083415477813,1
30918,83,-136.0,-75.75914859075615,2.842539115959457,-0.03752073734770421,22.512851160590667,1
31061,84,-142.0,-73.55041210467999,2.6965945581429875,-0.03666321480707793,17.890495107515708,1
31502,85,-440.0,-75.10189596163173,3.212164094886646,-0.042770745714964184,27.18131017340284,1
31646,86,-143.0,-74.75248538123236,2.390024465553249,-0.03197250838369178,26.66940932793336,1
31799,87,-152.0,-75.79593673406863,2.850849635271338,-0.037612169703418186,29.77435570312481,1
31976,88,-176.0,-76.34971553996458,3.210758874142324,-0.04205331809601413,41.03918595957217,1
32147,89,-170.0,-75.37326857360483,3.2891545691552504,-0.04363821062029793,25.78625532409601,1
32308,90,-160.0,-74.9605091166052,3.2768345209844347,-0.043714144415523355,30.938365461570875,1
32429,91,-120.0,-75.20721694063549,2.6530229492631325,-0.03527617504257983,30.446165783469343,1
32621,92,-191.0,-75.74960517883301,2.6825372753878294,-0.03541321791783306,29.88948265168195,1
32785,93,-163.0,-77.30874531443526,2.8230638247549735,-0.03651674611032453,34.86483484969997,1
32975,94,-189.0,-75.08941903365286,2.501635271934221,-0.033315416527767545,36.04206924203195,1
33132,95,-156.0,-75.78608917430708,2.6079372081856915,-0.03441181932725764,31.89190750782657,1
33267,96,-134.0,-76.15268650761357,2.566912053068863,-0.033707439235413306,26.210247418394797,1
33432,97,-164.0,-75.61075490315756,2.2418599728216497,-0.02965001441518511,22.754465140266852,1
33592,98,-159.0,-76.01155042648315,2.95356597527332,-0.03885680477113738,40.56358212446794,1
33767,99,-174.0,-75.85200557163783,2.758910660578779,-0.03637228363030095,33.123160014578275,1
33902,100,-134.0,-76.8456438417788,3.1650876645821726,-0.041187600316016926,33.27272912506704,1
34041,101,-138.0,-75.77588993868382,2.8238188319382895,-0.03726539977588203,30.756557805718277,1
34257,102,-215.0,-77.18246184455023,3.1746476748802093,-0.04113172343833922,32.124611867453766,1
34463,103,-205.0,-75.6520074270304,2.869047905190577,-0.037924279907018944,30.951734998344797,1
34627,104,-163.0,-76.55556590382646,2.663145279089338,-0.03478708892877803,37.79272197886574,1
34773,105,-145.0,-76.61442623399708,2.702151114475833,-0.03526948183652616,33.51070252928424,1
35016,106,-242.0,-76.73708051516687,2.8784415183407113,-0.03751043822642947,30.963717966597265,1
35151,107,-134.0,-76.72377522786458,3.230381978205283,-0.04210405403815519,37.43941659463776,1
35298,108,-146.0,-76.3162404274454,2.916332297529892,-0.03821378360877824,28.07562047983108,1
35545,109,-246.0,-78.00510987192996,3.3282088478131135,-0.04266654906681652,31.336730633730348,1
35682,110,-136.0,-77.70772920037709,2.495785660091163,-0.03211759867098332,30.27019670725304,1
35826,111,-143.0,-77.45865488052368,2.7272623332788797,-0.03520926534917955,26.27023493612392,1
35959,112,-132.0,-78.25389569504817,2.7543923073520484,-0.0351981493430792,29.988900707740534,1
36107,113,-147.0,-78.42716407775879,2.67427619355621,-0.03409885114428879,28.201574405604923,1
36340,114,-232.0,-76.11352234541603,2.6561875612117416,-0.03489770909770164,24.617846672946804,1
36489,115,-148.0,-78.92971632784645,2.9548061543648205,-0.03743591503726668,33.20129119349806,1
36683,116,-193.0,-79.49980541111267,2.8603948230829985,-0.0359798971619013,35.384405008757234,1
36810,117,-126.0,-78.83918864332784,2.4283324810572378,-0.030801084116214423,24.446430486722257,1
37000,118,-189.0,-77.92934722900391,3.2066015919625537,-0.041147548465145026,45.63366058688415,1
37120,119,-119.0,-77.60963668823243,2.6343476806025374,-0.033943564137338254,29.148607344801228,1
37319,120,-198.0,-77.83753476550231,2.678971745095306,-0.03441747934548705,28.199980980038045,1
37491,121,-171.0,-78.37268895881121,2.951471533442702,-0.03765943943806559,47.004111018378374,1
37706,122,-214.0,-78.76579135628634,2.9954114156574816,-0.03802934451719206,34.38455779736125,1
37812,123,-105.0,-79.05763914000313,2.6705495823947243,-0.03377977905038942,24.213789856939947,1
37946,124,-133.0,-79.17360049575123,2.557633600634542,-0.0323041213816188,40.5058499563541,1
38097,125,-150.0,-79.81448288469124,2.6596615724200854,-0.03332304459408105,39.90075464299972,1
38310,126,-212.0,-79.30186021831673,2.9731238007306477,-0.03749122394538648,75.46443617301928,2
38539,127,-228.0,-80.034445816773,2.2935865860747526,-0.028657493191438836,60.62079073195895,2
38801,128,-261.0,-81.1048274731818,2.402362229128374,-0.02962045915112441,63.33363787272504,2
38961,129,-159.0,-79.22317218780518,2.825964672010036,-0.03567093558575071,68.80586187262088,2
39143,130,-181.0,-78.4720455630795,2.074514125952416,-0.026436345721162886,64.9845786151159,2
39292,131,-148.0,-79.45848016930907,2.7480862594090483,-0.03458518528863707,67.67774796885932,2
39487,132,-194.0,-79.82904420510316,2.572885191333061,-0.03222993857627305,74.3182251823254,2
39737,133,-249.0,-80.07348898315429,2.601862712089853,-0.03249343503237667,81.52283698534966,2
39891,134,-153.0,-80.23737934657505,2.3836030638709276,-0.02970689076939141,80.63654228425645,2
